654 280 40
654 280 41
654 280 42
654 280 43
654 280 44
654 280 45
654 280 46
654 280 47
654 280 48
654 280 49
654 280 50
654 280 51
654 280 52
654 280 53
654 280 54
654 280 55
654 280 56
654 280 57
654 280 58
654 280 59
654 281 40
654 281 41
654 281 42
654 281 43
654 281 44
654 281 45
654 281 46
654 281 47
654 281 48
654 281 49
654 281 50
654 281 51
654 281 52
654 281 53
654 281 54
654 281 55
654 281 56
654 281 57
654 281 58
654 281 59
655 280 40
655 280 41
655 280 42
655 280 43
655 280 44
655 280 45
655 280 46
655 280 47
655 280 48
655 280 49
655 280 50
655 280 51
655 280 52
655 280 53
655 280 54
655 280 55
655 280 56
655 280 57
655 280 58
655 280 59
656 280 40
656 280 41
656 280 42
656 280 43
656 280 44
656 280 45
656 280 46
656 280 47
656 280 48
656 280 49
656 280 50
656 280 51
656 280 52
656 280 53
656 280 54
656 280 55
656 280 56
656 280 57
656 280 58
656 280 59
657 280 40
657 280 41
657 280 42
657 280 43
657 280 44
657 280 45
657 280 46
657 280 47
657 280 48
657 280 49
657 280 50
657 280 51
657 280 52
657 280 53
657 280 54
657 280 55
657 280 56
657 280 57
657 280 58
657 280 59
658 280 40
658 280 41
658 280 42
658 280 43
658 280 44
658 280 45
658 280 46
658 280 47
658 280 48
658 280 49
658 280 50
658 280 51
658 280 52
658 280 53
658 280 54
658 280 55
658 280 56
658 280 57
658 280 58
658 280 59
659 280 40
659 280 41
659 280 42
659 280 43
659 280 44
659 280 45
659 280 46
659 280 47
659 280 48
659 280 49
659 280 50
659 280 51
659 280 52
659 280 53
659 280 54
659 280 55
659 280 56
659 280 57
659 280 58
659 280 59
660 280 40
660 280 41
660 280 42
660 280 43
660 280 44
660 280 45
660 280 46
660 280 47
660 280 48
660 280 49
660 280 50
660 280 51
660 280 52
660 280 53
660 280 54
660 280 55
660 280 56
660 280 57
660 280 58
660 280 59
661 280 40
661 280 41
661 280 42
661 280 43
661 280 44
661 280 45
661 280 46
661 280 47
661 280 48
661 280 49
661 280 50
661 280 51
661 280 52
661 280 53
661 280 54
661 280 55
661 280 56
661 280 57
661 280 58
661 280 59
662 280 40
662 280 41
662 280 42
662 280 43
662 280 44
662 280 45
662 280 46
662 280 47
662 280 48
662 280 49
662 280 50
662 280 51
662 280 52
662 280 53
662 280 54
662 280 55
662 280 56
662 280 57
662 280 58
662 280 59
663 280 40
663 280 41
663 280 42
663 280 43
663 280 44
663 280 45
663 280 46
663 280 47
663 280 48
663 280 49
663 280 50
663 280 51
663 280 52
663 280 53
663 280 54
663 280 55
663 280 56
663 280 57
663 280 58
663 280 59
664 280 40
664 280 41
664 280 42
664 280 43
664 280 44
664 280 45
664 280 46
664 280 47
664 280 48
664 280 49
664 280 50
664 280 51
664 280 52
664 280 53
664 280 54
664 280 55
664 280 56
664 280 57
664 280 58
664 280 59
665 280 40
665 280 41
665 280 42
665 280 43
665 280 44
665 280 45
665 280 46
665 280 47
665 280 48
665 280 49
665 280 50
665 280 51
665 280 52
665 280 53
665 280 54
665 280 55
665 280 56
665 280 57
665 280 58
665 280 59
666 280 40
666 280 41
666 280 42
666 280 43
666 280 44
666 280 45
666 280 46
666 280 47
666 280 48
666 280 49
666 280 50
666 280 51
666 280 52
666 280 53
666 280 54
666 280 55
666 280 56
666 280 57
666 280 58
666 280 59
667 280 40
667 280 41
667 280 42
667 280 43
667 280 44
667 280 45
667 280 46
667 280 47
667 280 48
667 280 49
667 280 50
667 280 51
667 280 52
667 280 53
667 280 54
667 280 55
667 280 56
667 280 57
667 280 58
667 280 59
668 280 40
668 280 41
668 280 42
668 280 43
668 280 44
668 280 45
668 280 46
668 280 47
668 280 48
668 280 49
668 280 50
668 280 51
668 280 52
668 280 53
668 280 54
668 280 55
668 280 56
668 280 57
668 280 58
668 280 59
669 280 40
669 280 41
669 280 42
669 280 43
669 280 44
669 280 45
669 280 46
669 280 47
669 280 48
669 280 49
669 280 50
669 280 51
669 280 52
669 280 53
669 280 54
669 280 55
669 280 56
669 280 57
669 280 58
669 280 59
670 280 40
670 280 41
670 280 42
670 280 43
670 280 44
670 280 45
670 280 46
670 280 47
670 280 48
670 280 49
670 280 50
670 280 51
670 280 52
670 280 53
670 280 54
670 280 55
670 280 56
670 280 57
670 280 58
670 280 59
671 280 40
671 280 41
671 280 42
671 280 43
671 280 44
671 280 45
671 280 46
671 280 47
671 280 48
671 280 49
671 280 50
671 280 51
671 280 52
671 280 53
671 280 54
671 280 55
671 280 56
671 280 57
671 280 58
671 280 59
672 280 40
672 280 41
672 280 42
672 280 43
672 280 44
672 280 45
672 280 46
672 280 47
672 280 48
672 280 49
672 280 50
672 280 51
672 280 52
672 280 53
672 280 54
672 280 55
672 280 56
672 280 57
672 280 58
672 280 59
673 280 40
673 280 41
673 280 42
673 280 43
673 280 44
673 280 45
673 280 46
673 280 47
673 280 48
673 280 49
673 280 50
673 280 51
673 280 52
673 280 53
673 280 54
673 280 55
673 280 56
673 280 57
673 280 58
673 280 59
674 280 40
674 280 41
674 280 42
674 280 43
674 280 44
674 280 45
674 280 46
674 280 47
674 280 48
674 280 49
674 280 50
674 280 51
674 280 52
674 280 53
674 280 54
674 280 55
674 280 56
674 280 57
674 280 58
674 280 59
675 280 40
675 280 41
675 280 42
675 280 43
675 280 44
675 280 45
675 280 46
675 280 47
675 280 48
675 280 49
675 280 50
675 280 51
675 280 52
675 280 53
675 280 54
675 280 55
675 280 56
675 280 57
675 280 58
675 280 59
675 281 40
675 281 41
675 281 42
675 281 43
675 281 44
675 281 45
675 281 46
675 281 47
675 281 48
675 281 49
675 281 50
675 281 51
675 281 52
675 281 53
675 281 54
675 281 55
675 281 56
675 281 57
675 281 58
675 281 59
